4507681255
4507681246
4507682186
4507688296
4507682186
4507690186
4507682218
4507693200
4507691250
4507693200
4507694143
4507687237
4507688296
4507693267
4507685202
4507694143
4507683217
4507694143
4507688296
4507694143
4507688296
4507695240
4507697195
4507688296
4507697195
4507688296
4507688296
4507697234
4507704283
4507702233
4507698212
4507697195
4507688296
4507708292
4507706052
4507716264
4507716264
4507716264
4507696284
4507716264
4507716219
4507716264
4507716264
4507712266
4507718277
4507683244
4507703278
4507716264
4507720206
4507716264
4507721278
4507721278
4507720206
4507721278
4507720206
4507721278
4507721278
4507721278
4507721278
4507720269
4507718277
4507712266
4507720206
4507721185
4507729191
4507728273
4507731127
4507731172
4507722241
4507732294
4507734125
4507732294
4507737178
4507734125
4507735183
4507737178
4507732294
4507737178
4507737178
4507734158
4507724142
4507734125
4507741308
4507740382
4507739158
4507731172
4507743464
4507742359
4507744504
4507742359
4507742359
4507746528
4507776316
4507750331
4507764327
4507802465
4507763343
4507807403
4507824405
4507824405
4507811459
4507834352
4507902109
4507805514
4507898202
4507903219
4507751334
4507904176
4507905245
4507776335
4507905245
4507930180
4507912290
4507930180
4507924192
4507924200
4507776335
4507930180
4507919284
4507930180
4507903219
4507751334
4507750331
4507930258
4507931298
4507930258
4507942298
4507935181
4507944229
4507930180
4507948144
4507959325
4507751334
4507960469
4507943219
4507946119
4507966294
4507973232
4507834434
4507966294
4507973232
4507977329
4507956178
4507984249
4507953317
4507973285
4507980316
4507956178
4507930258
4507984249
4507919155
4507984249
4507984249
4507986271
4507943219
4507986271
4507988201
4507984249
4507986201
4507990168
4507933087
4507970466
4507990168
4507990168
4507988201
4507986271
4507941073
4507990168
4507992436
4507990168
4507987211
4507990168
4508004461
4507992293
4508004391
4508004391
4507990112
4508001291
4508012232
4508012224
4508003276
4507992190
4508012473
4508010218
4508012473
4508020343
4508012341
4508027329
4508030302
4508001291
4508034551
4508029464
4508014340
4508041458
4508029464
4508029464
4508045218
4508027329
4508027329
4508012224
4508040388
4508028396
4508016383
4508012224
4510063624
4510064222
4508045218
4510064222
4507996255
4508046242
4510069559
4510076045
4510076045
4510076045
4510066164
4510078292
4510078019
4510078292
4510078292
4510065866
4510078292
4510078292
4510078900
4510072784
4508042341
4510080118
4510078900
4510078292
4510065866
4510081612
4510083102
4510078900
4510080118
4510083667
4510083076
4510083102
4510083881
4510089663
4510089663
4510065866
4510086643
4510092636
4510078019
4510097615
4510085210
4510098693
4510083667
4510093861
4510083102
4510102215
4510092191
4510101072
4510105612
4510097615
4510106285
4510083667
4510098134
4510108165
4510110031
4510111889
4510111889
4510111889
4510110031
4510111110
4510102215
4510092636
4510115518
4510111889
4510115518
4510119626
4510120663
4510120663
4510117891
4510119626
4510122710
4510092636
4510123190
4510115518
4510114605
4510122514
4510115518
4510122821
4510125446
4510123428
4510111889
4510123644
4510125687
4510094093
4510125687
4510125986
4510126583
4510125687
4510126580
4510123428
4510114605
4510127671
4510130231
4510127671
4510126344
4510127671
4510130231
4510127671
4510130231
4510116661
4510130231
4510132693
4510133045
4510127671
4510126204
4510127671
4510134951
4510126344
4510134036
4510136468
4510134731
4510135321
4510137769
4510133114
4510136761
4510134951
4510134036
4510136975
4510137748
4510135224
4510139111
4510139388
4510139710
4510140429
4510136761
4510138767
4510140594
4510137515
4510134956
4510140489
4510141736
4510125687
4510139520
4510135730
4510142029
4510142513
4510142684
4510141097
4510144178
4510142195
4510144797
4510141097
4510144470
4510143789
4510143153
4510144598
4510140584
4510142734
4510142522
4510145229
4510145229
4510146451
4510142522
4510146939
4510142522
4510147527
4510146939
4510147527
4510142522
4510146939
4510147527
4510144776
4510148203
4510149417
4510148367
4510142029
4510149527
4510147535
4510148944
4510151788
4510152066
4510152243
4510147560
4510152122
4510152864
4510151776
4510153011
4510152243
4510147535
4510153381
4510155545
4510155545
4510155545
4510147535
4510156014
4510154165
4510153381
4510152066
4510156433
4510158725
4510154399
4510156541
4510152433
4510161876
4510152433
4510156246
4510161874
4510161874
4510162491
4510162491
4510162130
4510163139
4510161874
4510162491
4510156541
4510163532
4510163532
4510163532
4510163422
4510162400
4510163532
4510164237
4510156664
4510163532
4510163532
4510157137
4510164237
4510165653
4510164501
4510166016
4510166285
4510166967
4510164856
4510164969
4510167454
4510167895
4510166285
4510167723
4510168134
4510164237
4510171571
4510157137
4510167454
4510168235
4510162645
4510166285
4510171699
4510171699
4510167454
4510166016
4510172273
4510173139
4510164118
4510173882
4510173139
4510173108
4510173744
4510173570
4510173139
4510173108
4510173139
4510176331
4510175087
4510173139
4510173108
4510173139
4510173139
4510173422
4510177229
4510174045
4510178926
4510179852
4510178182
4510178926
4510178926
4510179749
4510178633
4510177413
4510176837
4510180300
4510180089
4510178975
4510178182
4510173139
4510173673
4510181092
4510173139
4510180456
4510181188
4510180713
4510183124
4510181102
4510181102
4510181188
4510185505
4510185657
4510185655
4510181102
4510181102
4510186120
4510189863
4510188390
4510185505
4510185817
4510191352
4510187650
4510184955
4510191352
4510189863
4510190136
4510193814
4510193516
4510185817
4510197264
4510195027
4510195027
4510196698
4510195027
4510197860
4510194437
4510206514
4510180741
4510195027
4510197860
4510194547
4510203505
4510197620
4510216533
4510237363
4510217367
4510240332
4510210615
4510251558
4510199461
4510197964
4510251558
4510254344
4510210447
4510254344
4510273460
4510276578
4510285403
4510285403
4510285403
4510264419
4510182804
4510254344
4510285403
4510259313
4510285403
4510210615
4510321852
4510303304
4510285403
4510250428
4510303304
4510261466
4510328630
4510323603
4510330904
4510325028
4510233460
4510330971
4510331968
4510330606
4510330971
4510336226
4510331968
4510337298
4510333623
4510330161
4510325835
4510330971
4510345190
4510317131
4510342758
4510324758
4510334179
4510330971
4510345138
4510324800
4510342758
4510350225
4510351069
4510350592
4510337085
4510351069
4510347049
4510351069
4510351151
4510351833
4510351833
4510351069
4510350592
4510351833
4510350592
4510351833
4510351833
4510355122
4510351566
4510360217
4510356919
4510355112
4510351151
4510356919
4510360217
4510355665
4510351833
4510356919
4510360103
4510363069
4510363033
4510364629
4510356919
4510359297
4510364629
4510364825
4510364059
4510364069
4510364825
4510375248
4510370644
4510375345
4510367872
4510372928
4510377705
4510377705
4510342216
4510375345
4510375345
4510375345
4510375220
4510377147
4510375345
4510368153
4510353159
4510377091
4510373430
4510377719
4510377719
4510377719
4510377719
4510377999
4510381844
4510378633
4510378422
4510375677
4510379071
4510380641
4510382817
4510380589
4510382027
4510380641
4510382817
4510377999
4510380641
4510380641
4510379071
4510384042
4510382817
4510385867
4510385867
4510383392
4510385722
4510383392
4510382817
4510388485
4510383392
4510385963
4510382817
4510390138
4510390429
4510388699
4510387832
4510390429
4510391827
4510377901
4510392522
4510393785
4510390733
4510392603
4510391827
4510393104
4510393137
4510390429
4510394515
4510392603
4510393803
4510391827
4510395073
4510394474
4510396941
4510399720
4510399720
4510399359
4510396941
4510395320
4510397142
4510400603
4510403589
4510399359
4510399986
4510393534
4510397142
4510404048
4510405154
4510397142
4510404801
4510404048
4510404048
4510404505
4510405579
4510406467
4510399973
4510405744
4510406467
4510406830
4510406830
4510407815
4510406467
4510406830
4510408299
4510407551
4510408551
4510410812
4510408551
4510408871
4510409721
4510411753
4510408871
4510404048
4510406467
4510409949
4510408871
4510411753
4510413053
4510408871
4510412452
4510411652
4510408551
4510402744
4510411652
4510412434
4510413130
4510413721
4510413130
4510416438
4510413788
4510413184
4510416438
4510416438
4510416393
4510418597
4510418597
4510393534
4510416417
4510419825
4510417433
4510413788
4510417433
4510417433
4510413130
4510419471
4510419920
4510413788
4510419920
4510420130
4510420402
4510418030
4510420402
4510420402
4510420402
4510421416
4510419471
4510421294
4510419611
4510421636
4510421636
4510420693
4510420402
4510420693
4510424495
4510421636
4510419611
4510424495
4510421636
4510421636
4510419514
4510424495
4510424495
4510424495
4510424495
4510421050
4510420693
4510424495
4510416417
4510424495
4510424495
4510425142
4510425513
4510424495
4510422025
4510425728
4510424775
4510427579
4510424495
4510425793
4510427452
4510428371
4510425728
4510425793
4510430387
4510428112
4510428986
4510425793
4510428439
4510427607
4510440331
4510436324
4510440534
4510433318
4510428593
4510448546
4510451434
4510435574
4510435574
4510435574
4510451434
4510462450
4510455373
4510452520
4510445545
4510451434
4510451566
4510451566
4510461375
4510451434
4510455373
4510468374
4510428531
4510459525
4510482575
4510475465
4510435574
4510435574
4510484416
4512108673
4510470387
4512104245
4512106980
4512109118
4510476384
4510469380
4510482575
4512123872
4512110248
4512109206
4512115278
4510470387
4512123872
4512162710
4512109236
4512156550
4512162710
4512166696
4512107103
4512123929
4512167052
4512167052
4512166744
4512166744
4512166744
4512166696
4512166744
4512166696
4512167052
4512156550
4512167052
4512170957
4512187490
4512187961
4512167052
4512182139
4512167811
4512181775
4512182169
4510435574
4512192176
4512107103
4512182169
4512193848
4512190690
4512174116
4512167811
4512194241
4512192694
4512191132
4512195722
4512191323
4512195490
4512197988
4512194376
4512194691
4512197094
4512194604
4512196878
4512195154
4512194604
4512199034
4512198207
4512198207
4512196469
4512201845
4512202284
4512202284
4512196223
4512201845
4512198207
4512198207
4512193483
4512188038
4512202782
4512202782
4512197364
4512213249
4512203612
4512203612
4512213873
4512213873
4512223450
4512203612
4512223750
4512213873
4512220937
4512223727
4512212643
4512224241
4512224183
4512197210
4512203612
4512227129
4512221287
4512223859
4512227129
4512223727
4512224921
4512228803
4512227954
4512227954
4512225574
4512225258
4512228920
4512228803
4512227954
4512227967
4512229552
4512229714
4512229552
4512230201
4512230122
4512230290
4512230912
4512229703
4512230912
4512230977
4512230290
4512230931
4512230977
4512231295
4512235067
4512237704
4512238543
4512239065
4512239003
4512239612
4512239003
4512243376
4512242939
4512238953
4512230912
4512244599
4512245848
4512243497
4512245899
4512245424
4512245888
4512243021
4512244185
4512248379
4512244679
4512246247
4512248379
4512245888
4512246247
4512237812
4512247030
4512248332
4512248724
4512239612
4512246247
4512251530
4512255516
4512254378
4512254378
4512248820
4512254669
4512249950
4512249831
4512254378
4512255517
4512255821
4512249726
4512257594
4512256788
4512256023
4512256885
4512255370
4512255535
4512259771
4512259771
4512255535
4512260981
4512261182
4512262176
4512265651
4512255535
4512261456
4512259771
4512264596
4512261335
4512266430
4512263394
4512267843
4512268745
4512265458
4512269010
4512268745
4512267361
4512269518
4512268280
4512269518
4512268955
4512269435
4512270255
4512268958
4512268773
4512270455
4512269559
4512270255
4512270853
4512270853
4512270853
4512270853
4512270853
4512270975
4512271345
4512270853
4512273212
4512273212
4512273048
4512272079
4512273048
4512272520
4512273212
4512273736
4512273048
4512273048
4512262605
4512275376
4512275376
4512275376
4512274869
4512274869
4512275547
4512273270
4512275547
4512275786
4512275786
4512275963
4512275376
4512277093
4512277711
4512277093
4512276952
4512275276
4512276233
4512277093
4512277093
4512277093
4512277771
4512281918
4512280612
4512282325
4512282682
4512278649
4512282747
4512283438
4512281948
4512284139
4512283901
4512283467
4512283614
4512282024
4512284718
4512283702
4512284778
4512286890
4512285427
4512284778
4512283702
4512287243
4512287123
4512287243
4512287019
4512287243
4512285712
4512285570
4512287138
4512276248
4512288089
4512284207
4512289158
4512287497
4512287497
4512288572
4512287243
4512289875
4512288572
4512288345
4512288322
4512290178
4512289875
4512290144
4512291811
4512292012
4512278649
4512293565
4512292012
4512294432
4512290713
4512296027
4512294550
4512296843
4512293565
4512294540
4512296190
4512294550
4512298979
4512296309
4512297948
4512294540
4512297947
4512299946
4512299203
4512299196
4512299658
4512301973
4512301974
4512303273
4512301904
4512299203
4512303946
4512300682
4512299203
4512300682
4512299152
4512303876
4512302192
4512304446
4512302192
4512303160
4512305328
4512306202
4512302054
4512305370
4512306486
4512302054
4512307119
4512305328
4512311338
4512311381
4512307807
4512309011
4512306486
4512308519
4512310751
4512310973
4512310751
4512312116
4512312074
4512307119
4512313767
4512315476
4512316136
4512316136
4512316136
4512316136
4512320100
4512312317
4512318656
4512320866
4512317093
4512320122
4512319881
4512320615
4512317735
4512321929
4512321749
4512316076
4512323782
4512323093
4512322419
4512322462
4512322419
4512322419
4512321929
4512324932
4512323089
4512318024
4512325057
4512313189
4512324932
4512324932
4512325500
4512328200
4512324932
4512325287
4512326971
4512326971
4512328759
4512326734
4512329770
4512328088
4512325287
4512330067
4512330018
4512330067
4512329770
4512329770
4512329770
4512330906
4512330906
4512331060
4512329840
4512331548
4512329840
4512329840
4512329840
4512332102
4512330045
4512332205
4512335284
4512331132
4512331132
4512332102
4512338345
4512323040
4512335431
4512340963
4512340756
4512338117
4512338345
4512338192
4512340756
4512340756
4512342732
4512337076
4512342732
4512342732
4512342732
4512342732
4512343364
4512342195
4512342787
4512343364
4512343954
4512347555
4512343954
4512344005
4512350878
4512350974
4512345297
4512354154
4512352913
4512353202
4512354222
4512342709
4512345297
4512354794
4512352139
4512346140
4512335431
4512357341
4512358691
4512354794
4512354222
4512356627
4512358691
4512358691
4512352139
4512356874
4512358691
4512358691
4512356874
4512358691
4512358691
4512358691
4512358691
4512353619
4512358691
4512358691
4512358691
4512358691
4512358691
4512358691
4512358691
4512358691
4512358691
4512359077
4512359077
4512359082
4512359793
4512361003
4512358691
4512358759
4512359085
4512361219
4512363994
4512361468
4512363535
4512362141
4512355571
4512364368
4512364920
4512364368
4512364368
4512365188
4512365901
4512362685
4512365140
4512363260
4512367960
4512366833
4512365140
4512355120
4512365188
4512367879
4512365188
4512367818
4512369179
4512369179
4512369179
4512369179
4512370051
4512370412
4512367818
4512370051
4512367879
4512365188
4512371529
4512371103
4512371529
4512371103
4512365188
4512371103
4512371663
4512370365
4512370051
4512371971
4512371663
4512371673
4512374538
4512374538
4512371953
4512373141
4512373141
4512374126
4512375654
4512375231
4512374644
4512376394
4512375946
4512375654
4512375946
4512375946
4512378066
4512377200
4512375654
4512375654
4512378503
4512378503
4512377159
4512378066
4512378066
4512378490
4512378503
4512379230
4512379942
4512375654
4512379230
4512380753
4512376980
4512379230
4512380930
4512377200
4512380519
4512380528
4512381655
4512379230
4512381655
4512379250
4512387303
4512380869
4512384145
4512387183
4512384425
4512387404
4512387404
4512380928
4512389326
4512384145
4512388528
4512388528
4512390546
4512388528
4512390812
4512389441
4512387404
4512388528
4512392482
4512385306
4512392225
4512384849
4512380928
4512393680
4512393776
4512393801
4512390818
4512387404
4512393801
4512390818
4512387161
4512393801
4512398808
4512401677
4512398030
4512401980
4512401980
4512394308
4512395878
4512396184
4512402703
4512402798
4512403388
4512402703
4512403497
4512402703
4512402703
4512402924
4512393776
4512403723
4512403379
4512404924
4512402925
4512405811
4512403575
4512387336
4512404735
4512404689
4512404735
4512410331
4512409470
4512410857
4512409470
4512410857
4512409470
4512410324
4512409318
4512405302
4512411323
4512408967
4512405817
4512413725
4512413846
4512413846
4512409470
4512413846
4512415247
4512415247
4512410358
4512416076
4512417910
4512417723
4512418626
4512416076
4512413329
4512419723
4512417810
4512417723
4512419866
4512422559
4512417723
4512422559
4512414067
4512422559
4512422559
4512422559
4512418718
4512422559
4512422559
4512422559
4512422559
4512422559
4512422559
4512422559
4512422559
4512422559
4512422785
4512422559
4512423245
4512422559
4512422559
4512422559
4512424578
4512413329
4512422559
4512404735
4512425265
4512426343
4512424753
4512426591
4512428567
4512424753
4512429460
4512427000
4512431285
4512426868
4512427720
4512435259
4512435751
4512428494
4512424753
4512434445
4512439874
4512430674
4512435259
4512440063
4512426591
4512440063
4512754395
4512756393
4512756415
4512756465
4512756468
4512956301
4513451307
4513986301
4512440931
4512444953
4512440083
4512435259
4512445130
4512439528
4512440083
4512444500
4512439528
4516147544
4512440083
4516147544
4512446726
4516187368
4512432531
4516147544
4512426591
4516161645
4512441225
4516187368
4516187599
4516161645
4516147544
4516188160
4516188160
4516147544
4516187368
4516188160
4516187599
4516188160
4516189874
4516188160
4516189874
4516189874
4516189874
4516192390
4516236542
4516200153
4516195161
4516230126
4516189598
4516241701
4516201239
4516241416
4516241701
4516241548
4516249055
4516248946
4516240107
4516228968
4516234307
4516253769
4516241548
4516249055
4516241416
4516252520
4516256322
4516256910
4516241701
4516257018
4516257018
4516256713
4516259356
4512444470
4516257051
4516256322
4516263860
4516256322
4516259437
4516272085
4516263860
4516194382
4516271668
4516256713
4516273862
4516271811
4516273862
4516263601
4516263860
4516261766
4516259831
4516260100
4516241548
4516275875
4516279950
4516273911
4516289411
4516286989
4516290939
4516311478
4516273911
4516311928
4516300025
4516302779
4516312919
4516287052
4516312919
4516302756
4516311509
4516312919
4516313440
4516279675
4516312919
4516312919
4516316788
4516312919
4516316041
4516300025
4516316788
4516273911
4516300025
4516319610
4516313785
4516318037
4516322971
4516317929
4516314976
4516312919
4516323553
4516325172
4516326065
4516324712
4516313698
4516328145
4516320088
4516326651
4516323853
4516326651
4516325595
4516302756
4516300025
4516325832
4516326468
4516329243
4516327261
4516317223
4516330376
4516328157
4516333018
4516333808
4516333808
4516335121
4516334904
4516333126
4516333808
4516333983
4516334904
4516322526
4516333808
4516333808
4516333808
4516337930
4516335757
4516335593
4516335757
4516335717
4516339216
4516335717
4516336902
4516339216
4516348284
4516347345
4516338897
4516347345
4516331165
4516348284
4516348284
4516347272
4516336435
4516348284
4516371406
4516336435
4516346761
4516338897
4516371506
4516371506
4516373582
4516371739
4516366752
4516373582
4516373582
4516374356
4516374161
4516375770
4516376560
4516376560
4516374349
4516376560
4516376560
4516372493
4516376560
4516377271
4516377271
4516372493
4516376560
4516367193
4516374349
4516375643
4516377271
4516373234
4516373012
4516377271
4516379108
4516377986
4516376533
4516379108
4516382715
4516378031
4516378432
4516385659
4516385902
4516379108
4516382931
4516391331
4516381968
4516382805
4516385799
4516391515
4516391515
4516391391
4516391515
4516391515
4516377481
4516241416
4516391391
4516391761
4516391956
4516385367
4516391391
4516391391
4516394173
4516385030
4516391866
4516392785
4516394035
4516396765
4516398945
4516392265
4516398969
4516399840
4516398945
4516401810
4516391423
4516394035
4516402843
4516399649
4516392785
4516396487
4516399840
4516402843
4516399840
4516404393
4516405287
4516403024
4516404414
4516405287
4516401846
4516405287
4516405287
4516404422
4516406187
4516406556
4516405575
4516406556
4516406556
4516394035
4516408147
4516406442
4516406656
4516410687
4516410687
4516410687
4516409372
4516406679
4516409853
4516410704
4516410687
4516410190
4516405984
4516413225
4516409896
4516409560
4516410704
4516413225
4516413225
4516413225
4516410704
4516405287
4516405360
4516415479
4516415456
4516416276
4516415169
4516413262
4516423841
4516425375
4516425947
4516413262
4516421599
4516427098
4516425373
4516427692
4516425821
4516410190
4516428067
4516428067
4516424133
4516428067
4516424133
4516428095
4516421830
4516428067
4516430001
4516427098
4516423841
4516428067
4516429776
4516429776
4516428067
4516430573
4516428778
4516430354
4516433096
4516433096
4516432229
4516433096
4516439370
4516440178
4516440350
4516439463
4516432229
4516440547
4516430827
4516428969
4516441096
4516430066
4516432388
4516439724
4516441096
4516441096
4516442516
4516443093
4516441552
4516448528
4516449007
4516441486
4516448910
4516443033
4516440061
4516427117
4516453337
4516448528
4516450312
4516451433
4516453342
4516453307
4516443033
4516450279
4516453307
4516455587
4516456746
4516457029
4516443033
4516453307
4516462282
4516464612
4516464612
4516454284
4516446875
4516464612
4516453549
4516462657
4516459945
4516465349
4516455539
4516465349
4516466217
4516462282
4516462864
4516453307
4516470001
4516466411
4516470566
4516470355
4516466623
4516469577
4516468484
4516470355
4516465349
4516471149
4516473020
4516468859
4516469004
4516474512
4516475644
4516472395
4516469004
4516471149
4516464594
4516470932
4516468504
4516472511
4516471149
4516473103
4516472395
4516477692
4516477714
4516479734
4516476806
4516477692
4516476806
4516481736
4516477692
4516477989
4516477692
4516492907
4516490775
4516485582
4516493249
4516477989
4516482469
4516490775
4516476806
4516493054
4516492917
4516492907
4516493656
4516493934
4516493680
4516494713
4516494316
4516472395
4516496145
4516495365
4516490974
4516499003
4516498327
4516496145
4516499003
4516496145
4516496145
4516499003
4516494283
4516498891
4516494897
4516495365
4516497486
4516498928
4516499031
4516499003
4516506292
4516505491
4516500069
4516511186
4516500451
4516511037
4516494301
4516500451
4516511024
4516511186
4516499179
4516497500
4516511186
4516512804
4516508089
4516512511
4516511186
4516511186
4516514684
4516508089
4516512511
4516513118
4516512804
4516515621
4516511186
4516516344
4516515950
4516511186
4516519366
4516520169
4516516344
4516516376
4516520064
4516511186
4516520117
4516520244
4516517779
4516524273
4516511186
4516520244
4516511186
4516528349
4516518521
4516520064
4516529130
4516520734
4516519913
4516528363
4516529130
4516524014
4516537521
4516528349
4516537521
4516530848
4516537484
4516529268
4516537386
4516530514
4516543613
4516536172
4516540757
4516538271
4516538171
4516540757
4516538233
4516543406
4516544944
4516536172
4516540425
4516537637
4516537751
4516545038
4516544108
4516544944
4516529130
4516545038
4516549752
4516544944
4516548065
4516547257
4516543877
4516547612
4516550268
4516547257
4516549936
4516549936
4516551555
4516551555
4516547612
4516547658
4516544944
4516556619
4516547612
4516546851
4516551555
4516544944
4516550092
4516550092
4516556635
4516557714
4516556811
4516551966
4516561752
4516561882
4516547191
4516553978
4516562625
4516564480
4516559368
4516562311
4516559556
4516562625
4516559556
4516562311
4516564480
4516552292
4516562625
4516563402
4516564635
4516552111
4516566768
4516560233
4516556811
4516566697
4516561955
4516570463
4516567548
4516568521
4516566624
4516572676
4516561955
4516568893
4516570463
4516564809
4516570463
4516568617
4516570463
4516571348
4516573407
4516569332
4516573329
4516576254
4516574231
4516568343
4516576109
4516576357
4516573329
4516579184
4516576968
4516576968
4516573949
4516578961
4516576968
4516579902
4516566726
4516581735
4516576968
4516576254
4516579663
4516581735
4516581802
4516582361
4516579847
4516566726
4516581802
4516582540
4516582429
4516582361
4516582540
4516583113
4516582961
4516583113
4516582361
4516585919
4516585919
4516585919
4516585706
4516585706
4516585919
4516585706
4516584379
4516585954
4516585919
4516584379
4516585706
4516585919
4516586179
4516585922
4516587597
4516587597
4516598166
4516586520
4516598166
4516586520
4516597405
4516601520
4516601520
4516601520
4516603324
4516587229
4516614159
4516586520
4516612523
4516603324
4516616736
4516614159
4516616736
4516613693
4516604077
4516616555
4516603707
4516615749
4516617441
4516617545
4516617554
4516616736
4516617519
4516616736
4516617477
4516631625
4516627301
4516631625
4516617441
4516603701
4516631625
4516619234
4516631625
4516631625
4516631515
4516619234
4516631625
4516627775
4516631520
4516631625
4516631625
4516619234
4516635681
4516639759
4516636261
4516618256
4516639759
4516639759
4516636261
4516639507
4516636261
4516639747
4516642366
4516639747
4516639819
4516642366
4516642366
4516642366
4516642366
4516642366
4516642366
4516642366
4516642366
4516642366
4516642366
4516642366
4516642366
4516642366
4516642366
4516642366
4516642366
4516639819
4516642366
4516642366
4516643359
4516643359
4516643359
4516642651
4516646271
4516642662
4516645407
4516642659
4516643960
4516642766
4516647304
4516644810
4516654958
4516654958
4516644055
4516654958
4516654958
4516654958
4516651745
4516649649
4516654958
4516654958
4516654958
4516654958
4516654958
4516649702
4516654245
4516654668
4516654958
4516651408
4516654808
4516654958
4516654808
4516659426
4516660248
4516659426
4516660121
4516659426
4516661379
4516662415
4516657043
4516662415
4516661379
4516661379
4516662555
4516659426
4516662415
4516662802
4516661483
4516662431
4516662802
4516662981
4516662555
4516665236
4516672991
4516662981
4516672082
4516659738
4516671999
4516676001
4516662802
4516662981
4516672377
4516676001
4516662981
4516662677
4516672842
4516685346
4516683643
4516683432
4516685650
4516662677
4516683659
4516686319
4516683643
4516683643
4516683647
4516685612
4516683306
4516683659
4516683432
4516683698
4516695726
4516688068
4516683435
4516700292
4516688068
4516699103
4516686002
4516687864
4516701369
4516701463
4516688068
4516701369
4516701463
4516686002
4516701369
4516701441
4516701911
4516701369
4516703354
4516701369
4516701576
4516701576
4516703354
4516701576
4516700292
4516703688
4516680778
4516701572
4516703468
4516704077
4516703354
4516701369
4516703354
4516707622
4516707622
4516705117
4516706219
4516707830
4516700669
4516707642
4516705117
4516707855
4516710291
4516710343
4516707830
4516707642
4516707830
4516706219
4516712709
4516707642
4516712709
4516713326
4516710999
4516712208
4516707642
4516713352
4516718403
4516707324
4516710361
4516718335
4516712847
4516713352
4516718403
4516706219
4516713352
4516709519
4516716485
4516715987
4516715856
4516715499
4516716485
4516723687
4516721211
4516712429
4516713681
4516718913
4516723687
4516723687
4516719067
4516725128
4516723687
4516722574
4516727856
4516727856
4516727856
4516727414
4516727414
4516723687
4516727414
4516728271
4516728426
4516727856
4516727856
4516727856
4516729646
4516730150
4516728426
4516727698
4516728634
4516733968
4516733968
4516733968
4516733968
4516730117
4516730311
4516729646
4516733967
4516733968
4516733968
4516731676
4516733968
4516733968
4516733968
4516733968
4516733968
4516728634
4516733955
4516733955
4516729552
4516733968
4516733968
4516737223
4516733968
4516741370
4516729552
4516741531
4516741531
4516742899
4516742525
4516737758
4516742363
4516742927
4516746310
4516744319
4516743849
4516743122
4516743039
4516749145
4516742051
4516743850
4516749180
4516742927
4516749145
4516742672
4516749295
4516749613
4516749145
4516756035
4516753041
4516751825
4516750386
4516744260
4516752022
4516756035
4516756035
4516756035
4516751040
4516749613
4516756035
4516756035
4516762329
4516744663
4516751825
4516762329
4516762329
4516763463
4516756508
4516751987
4516762329
4516763660
4516762962
4516763463
4516748906
4516753116
4516766712
4516763631
4516763631
4516763631
4516763596
4516766403
4516762329
4516764313
4516762329
4516769390
4516767281
4516768470
4516771125
4516766731
4516767281
4516770510
4516771125
4516768454
4516770190
4516766561
4516771125
4516771141
4516777019
4516777019
4516767234
4516769564
4516770961
4516767234
4516779284
4516779284
4516772184
4516776545
4516776054
4516779174
4516779284
4516773422
4516784789
4516778459
4516781093
4516771125
4516784658
4516783456
4516783598
4516784658
4516783598
4516787357
4516779561
4516790083
4516785812
4516783456
4516786531
4516780871
4516783938
4516789693
4516785858
4516784328
4516781757
4516785692
4516791460
4516781757
4516793618
4516790696
4516795871
4516795950
4516795871
4516796680
4516795950
4516795871
4516797267
4516796680
4516795950
4516797185
4516796764
4516796680
4516793627
4516792895
4516797613
4516798863
4516799879
4516799736
4516800617
4516799799
4516790780
4516797464
4516798863
4516803634
4516797464
4516797464
4516797464
4516806372
4516805139
4516807359
4516804546
4516807359
4516804977
4516808065
4516804621
4516807359
4516808091
4516808091
4516800588
4516808270
4516809191
4516809914
4516808937
4516810474
4516800588
4516809603
4516810474
4516809914
4516808175
4516806365
4516811831
4516809406
4516809406
4516809914
4516809914
4516810787
4516810691
4516816215
4516813285
4516813128
4516816215
4516816216
4516815997
4516816216
4516815997
4516815057
4516816216
4516813285
4516810787
4516810426
4516817407
4516816007
4516817877
4516813074
4516819722
4516819713
4516819722
4516819117
4516818699
4516817877
4516819713
4516820575
4516824417
4516819713
4516816007
4516824933
4516819713
4516824933
4516824879
4516824506
4516826059
4516824879
4516819713
4516822025
4516827477
4516822304
4516822025
4516826725
4516825550
4516829244
4516825550
4516830569
4516829244
4516829244
4516830734
4516829244
4516830759
4516830759
4516830472
4516832239
4516830759
4516830759
4516832239
4516830759
4516832239
4516830759
4516832239
4516832525
4516832239
4516832895
4516832239
4516828072
4516833705
4516833705
4516833705
4516832895
4516833705
4516829461
4516833506
4516832626
4516835242
4516832303
4516832303
4516835242
4516837487
4516834827
4516835532
4516837008
4516837664
4516834468
4516832303
4516836634
4516837609
4516837495
4516838270
4516837985
4516834377
4516837717
4516837985
4516836278
4516838361
4516838270
4516838270
4516839329
4516838127
4516838127
4516839329
4516840264
4516839368
4516840293
4516838127
4516840049
4516839368
4516839610
4516841154
4516840867
4516840867
4516841154
4516834631
4516841154
4516841154
4516841154
4516841461
4516845485
4516841019
4516841933
4516847154
4516845591
4516846897
4516846416
4516847154
4516841413
4516847471
4516847538
4516845591
4516841019
4516848310
4516848211
4516850637
4516850637
4516847064
4516850637
4516851302
4516850637
4516851310
4516852017
4516852017
4516838270
4516839368
4516850637
4516847344
4516852208
4516852077
4516848259
4516852077
4516852208
4516852077
4516852208
4516856580
4516854688
4516856899
4516857717
4516854688
4516857716
4516856247
4516859246
4516859246
4516859369
4516856358
4516857717
4516860596
4516859246
4516859246
4516859246
4516860771
4516856738
4516860661
4516860638
4516860638
4516860638
4516861884
4516861884
4516861884
4516860826
4516855982
4516861497
4516861955
4516862078
4516862078
4516862297
4516862516
4516863340
4516862078
4516862516
4516862516
4516863223
4516864638
4516868603
4516869770
4516863197
4516862626
4516871327
4516852240
4516871755
4516867930
4516870364
4516863167
4516870364
4516868637
4516874032
4516874223
4516872248
4516868129
4516874426
4516863576
4516863167
4516873315
4516870364
4516876160
4516876410
4516876425
4516876471
4516876405
4516876405
4516875040
4516875394
4516879422
4516872248
4516881957
4516876405
4516878646
4516880184
4516876401
4516877266
4516878646
4516882366
4516879506
4516882543
4516878646
4516882543
4516880258
4516882410
4516882177
4516881467
4516877410
4516884525
4516884412
4516883508
4516874032
4516884108
4516885018
4516883508
4516885072
4516883508
4516879422
4516885018
4516882177
4516884412
4516884360
4516885308
4516883508
4516886276
4516887442
4516887343
4516887429
4516884946
4516886380
4516887343
4516888664
4516889558
4516890582
4516889521
4516887343
4516887243
4516892034
4516892034
4516892156
4516889558
4516889558
4516876471
4516892034
4516896100
4516888502
4516895432
4516895413
4516895413
4516896382
4516892034
4516889614
4516897369
4516896382
4516888502
4516897881
4516897415
4516896159
4516896159
4516885072
4516900089
4516900399
4516900647
4516900100
4516900271
4516898315
4516901793
4516898315
4516898855
4516903214
4516903347
4516905370
4516902264
4516900100
4516906460
4516906460
4516902264
4516897415
4516903401
4516906460
4516906460
4516906460
4516905729
4516906460
4516906460
4516900880
4516902621
4516906460
4516901604
4516906460
4516888502
4516907162
4516910881
4516909776
4516901604
4516911803
4516909797
4516909776
4516911834
4516911807
4516911723
4516911441
4516911723
4516909797
4516911803
4516907128
4516911803
4516912849
4516912623
4516913231
4516912773
4516909763
4516914489
4516909739
4516915244
4516912990
4516915285
4516912990
4516914967
4516914506
4516914489
4516915356
4516913012
4516915186
4516914489
4516915356
4516915356
4516896319
4516915424
4516912913
4516912990
4516917686
4516919104
4516915390
4516919104
4516911803
4516912990
4516912990
4516919104
4516919104
4516919104
4516922734
4516918405
4516922254
4516919104
4516919845
4516925343
4516919104
4516922734
4516919104
4516927902
4516926641
4516919134
4516922852
4516922254
4516922734
4516928373
4516919104
4516926021
4516925343
4516928373
4516929109
4516927252
4516919104
4516929206
4516928454
4516940945
4516940396
4516928884
4516940033
4516920071
4516939942
4516949366
4516950229
4516939942
4516950225
4516950012
4516940023
4516950225
4516949871
4516940066
4516950535
4516950439
4516951019
4516950535
4516950425
4516950293
4516952582
4516951084
4516950535
4516950535
4516950535
4516950535
4516950460
4516952999
4516951034
4516950535
4516954076
4516955622
4516941280
4516955810
4516956327
4516954254
4516956327
4516955810
4516956635
4518992246
4518992246
4516956869
4516956869
4516957509
4516941093
4519023261
4516956920
4518985992
4516954530
4519031353
4519035005
4519031353
4516956869
4519032010
4519035484
4516954055
4519035737
4519032010
4518944959
4519032010
4519035582
4519037277
4519036083
4519038106
4519037810
4519037789
4519031353
4519023261
4519037277
4519037413
4519039221
4519039221
4519039151
4519039151
4519037462
4519039221
4519039250
4519037462
4519023261
4519039221
4519035468
4519039250
4519043289
4519039221
4519043018
4519050746
4519037462
4519054049
4519034951
4519054092
4519039250
4519051059
4519056739
4519056739
4519056739
4519051059
4519057535
4519057535
4519039221
4519057970
4519050746
4519058241
4519050948
4519060905
4519057535
4519054202
4519056090
4519036103
4519060288
4519059345
4519061463
4519062218
4519062301
4519060242
4519064506
4519062218
4519061478
4519056247
4519064444
4519061478
4519061641
4519065394
4519065394
4519037462
4519064358
4519062077
4519065071
4519066214
4519065071
4519068505
4519062077
4519066007
4519066247
4519066214
4519066253
4519069844
4519093807
4519065071
4519070113
4519090386
4519061641
4519066253
4519093637
4519066981
4519097162
4519097162
4519098273
4519097634
4519097220
4519069844
4519065299
4519064358
4519098556
4519101015
4519097220
4519101015
4519102883
4519098256
4519101932
4519106707
4519090386
4519107960
4519101984
4519107378
4519100560
4519104216
4519112513
4519112643
4519106773
4519112822
4519112822
4519112822
4519108047
4519108317
4519112822
4519101932
4519112822
4519103530
4519113246
4519112720
4519109078
4519116489
4519109078
4519101932
4519113420
4519112720
4519117822
4519117616
4519115409
4519117012
4519114281
4519119715
4519113775
4519120812
4519115409
4519112796
4519113328
4519115409
4519117616
4519121446
4519121600
4519123331
4519120812
4519123331
4519114296
4519124192
4519122669
4519122443
4519123372
4519123331
4519121446
4519122669
4519112872
4519125071
4519121650
4519119726
4519123290
4519122135
4519126561
4519126524
4519126524
4519125934
4519128951
4519130200
4519126524
4519130706
4519127433
4519129577
4519126715
4519129605
4519129428
4519116710
4519125934
4519126546
4519130200
4519129376
4519131819
4519136855
4519131981
4519139433
4519136042
4519129551
4519136254
4519140405
4519131981
4519135371
4519132809
4519140788
4519142599
4519131638
4519139636
4519139636
4519139636
4519144880
4519140788
4519146239
4519146960
4519151515
4519145266
4519152418
4519151817
4519139636
4519152545
4519145266
4519152637
4519140077
4519152418
4519151638
4519152418
4519156348
4519153671
4519157245
4519153003
4519152569
4519157725
4519153671
4519161332
4519153665
4519156684
4519145266
4519157245
4519162109
4519159383
4519160509
4519161513
4519161427
4519158052
4519162453
4519162453
4519162832
4519161427
4519160363
4519164314
4519162832
4519154510
4519162450
4519162832
4519162568
4519162450
4519164314
4519162652
4519162453
4519162652
4519202727
4522697973
4519176557
4519295370
4519201539
4522694061
4519295370
4519201380
4519168463
4522694061
4519295370
4519199925
4519164520
4519164703
4522691495
4519294398
4519199227
4522689045
4519290419
4519197200
4519176500
4519176557
4522687105
4519289752
4519197200
4522675001
4519287050
4519197200
4522669168
4519286438
4519196622
4519176317
4522667867
4519286438
4519196622
4519168463
4522666672
4519281087
4519196622
4522664749
4519279763
4519196622
4522664749
4519277594
4519195745
4522664749
4519275774
4519192667
4519174393
4522664749
4519275774
4519185999
4519166653
4522649505
4519275774
4519184316
4522648958
4519274336
4519184316
4522648958
4519272410
4519184316
4522647959
4519272410
4519184316
4519174719
4522636763
4519272410
4519184316
4522628444
4519271560
4519183351
4522627932
4519268601
4519183351
4522622897
4519267265
4519181273
4522620899
4519263780
4519178483
4522702746
4522620898
4519263780
4519178391
4519173836
4522619137
4519263780
4519178391
4522618910
4519263780
4519178391
4522612969
4519272410
4519178391
4522610706
4519263780
4519177629
4522608514
4519263780
4519177344
4522767647
4522605645
4519263780
4519180333
4522763844
4522599615
4519263780
4519177183
4522757162
4522596488
4519180881
4519263766
4522592810
4519260281
4519176597
4522592810
4519259580
4519165619
4522580934
4519259580
4522755082
4522580934
4519258738
4522755031
4522580748
4519258738
4519164703
4522580113
4519256032
4519173836
4522747711
4522579365
4519256032
4522747116
4522532002
4519256032
4522746881
4519342319
4519254609
4522742858
4519331461
4519254609
4522742858
4519331046
4519254609
4522737666
4519331046
4519254609
4519331046
4519251954
4522735072
4519331046
4519250238
4519173836
4522735072
4519330878
4519250093
4522735072
4519326788
4519240886
4522735072
4519326103
4519240886
4522729794
4519320601
4519163284
4519234893
4522729397
4519320595
4519231658
4522729397
4519320595
4519231031
4522721197
4519320595
4519230536
4522718695
4519320595
4519217310
4522718650
4519320595
4519217187
4522717971
4519317766
4519217062
4522717109
4519309705
4519176557
4519217062
4522717108
4519305691
4519212426
4522716562
4519301327
4519211642
4522708031
4519301325
4519208086
4519171502
4519164703
4522708031
4519300619
4519206115
4522706032
4519297372
4519206115
4519176557
4522705944
4519295370
4519206115
4519176557
4522756296
4522774852
4522803896
4522756296
4522792565
4522792565
4522751161
4522774326
4522816940
4522774326
4522827187
4522792565
4522735072
4522828713
4522816940
4522816940
4523237301
4523237301
4523239302
4523239315
4523239315
4522828713
4522828713
4522774326
4522827187
4522828655
4524903184
4522827187
4525057546
4522828654
4524903184
4525061228
4522796463
4522845485
4525066315
4525071600
4525079457
4525144983
4525095156
4525079457
4525144983
4522849401
4525144983
4525133348
4522757162
4525144983
4525160903
4525144983
4525109449
4525144983
4525144983
4522774326
4525134566
4525200104
4525200104
4525144983
4522846678
4525149469
4525200104
4525077854
4525200104
4525201811
4525201811
4525201811
4525244734
4525289562
4525289562
4525284093
4525305796
4525285586
4525165580
4525286884
4522774326
4525251733
4525244734
4522774326
4525318753
4525325756
4525325756
4525273027
4527942234
4525265219
4525316724
4527997045
4528082841
4525316724
4528083908
4525316724
4527997045
4528099990
4528045805
4528013471
4525265219
4527983504
4528269240
4528296761
4528261081
4528151388
4528301936
4528318751
4528296761
4528296761
4528318751
4528238955
4528323795
4528304526
4528272426
4528326974
4528346966
4527938208
4528351959
4528296761
4528351959
4528347975
4535715902
4528267058
4528342892
4527966190
4535672345
4527966189
4527972260
4535685361
4596822637
4535879062
4535909491
4596822637
4596835658
4596822637
4535805339
4535685361
4596835658
4596822637
4535763382
4535685361
4596822637
4596857624
4596857624
4597085180
4596945294
4596857624
4535863235
4596822637
4597085180
4596951764
4536000473
4596857624
4528278005
4597270628
4597129559
4597270628
4597182853
4597005946
4528191209
4597090440
4597304568
4597298675
4527966190
4597304568
4597298675
4597298675
4597304568
4597304568
4597298675
4597298675
4597298675
4597304568
4597411527
4597397833
4597397833
4597411527
4597411527
4597493316
4597298675
4597298675
4597316604
4600009529
4597563422
4597563422
4597494054
4597505657
4597436395
4606693039
4597494054
4597316604
4606692327
4597304568
4607173886
4606573939
4597317635
4607573394
4597563422
4846961724
4607039009
4607630496
4607397962
4606910771
4846983277
4852038685
4607397962
4607573394
4851982230
4607479864
4852038685
4606573939
4852038685
4851850289
4600188799
4851787788
4597317635
4852241849
4852282881
4606910771
4852241849
4847083082
4852738300
4852233646
4852282881
4852738300
4852779288
4852779288
4852027561
4852788672
4852768446
4852779288
4852448339
4852206676
4852779288
4852532786
4852788674
4852795135
4852788672
4852795135
4852795135
4852795135
4852795135
4852855635
4852795135
4852795135
4852795135
4852855635
4852768446
4852855635
4852855635
4852855635
4852855635
4852282881
4853023579
4853023579
4852855635
4853023579
4852855635
4853023579
4853023579
4852847197
4853023579
4853023579
4853023579
4853023579
4853023579
4855510306
4853023579
4863634130
4863800735
4863870271
4863880960
4863880960
4853023579
4863800735
4867801651
4863401213
4867801651
4853023579
4867801651
4867801651
4867801651
4867801651
4875470782
4901076809
4867801651
4891649595
4867801651
4855161818
4901219347
4855514085
4855154889
4890577627
4901219347
4891768117
4854883365
4901480273
4900859568
4901517973
4903716693
4905519436
4905519970
4901517973
4903760812
4903760812
4902006059
4901782865
4903817605
4901782865
4901150915
4904101188
4901782865
4902006059
4904354430
4901905524
4901905524
4935695501
4910646087
4926371240
4921706402
4921706402
4935647431
4935647436
4863563353
4935695501
4919136424
4935760303
4935785571
4926371240
4936235577
4911063349
4926371240
4936235577
4926072882
4936550192
4936550192
4936033857
4936557124
4935800686
4936578594
4936464047
4936378742
4936879046
4936879046
4936787276
4936557124
4945493216
4936106375
4936550192
4911145062
4946085764
4936986201
4946085764
4936986201
4936550192
4937175511
4936986201
4936550192
4936986201
4936578594
4946290084
4946290084
4949999410
4949999410
4952933460
4949908577
4946558151
4950301157
4950248089
4949999410
4946115247
4946239289
4946115247
4950301157
4946288614
4950248089
4945600020
4952991553
4954426444
4954346145
4974042824
4974042824
4974042824
4973848384
4954346146
4974042824
4952991553
4974042824
4981977062
4981909951
4974042824
4973848384
4994654308
4974056946
4974056946
4987518516
5006832918
4974297439
5006708603
4952564948
5006832918
5006832918
4993786686
5006832918
5006832918
5006832918
5006832918
4952991553
4974042824
4973848384
5007465685
5007593437
5007796011
5008133703
5007593437
5008393093
5007429491
5008044851
5007466300
5007465685
5007678802
5008098347
5008393093
5006832918
5007087558
4982088181
5007956542
5076901008
5037106575
5076911032
5037127029
5077038439
5077038439
5077038439
5037278181
5069991510
5037127029
5077038439
5077021527
5037106575
5063855147
5070003498
5087192249
5086988605
5086988605
5086988605
5086988605
5076901008
5133290237
5133467334
5108511651
5133336293
5133336293
5108440731
5133467306
5063140899
5153038530
5153052581
5133342235
5153052581
5087797202
5153394610
5153394610
5134723653
5154357510
5070002543
5087178885
5154357510
5087178885
5154074912
5154357510
5154039826
5153394610
5153038530
5215779789
5205867378
5037120613
5215779789
5154741998
5154803630
5282353996
5205867378
5216350836
5282578929
5154439717
5282578929
5230906368
5281963078
5217124836
5282578929
5282578929
5217124836
5216950783
5238112642
5932693484
5844447156
5932693484
5282578929
5936114645
5828897732
5844181840
5936214733
5844326815
5897817219
5827738495
5217124836
5844326815
6130071508
5938335214
5938607415
6147366816
4519101141
6147298117
5932631604
4519106899
6133491077
5206696410
4519123040
5903736764
5938038609
4519111210
4519101803
4519145286
4519145286
4519125448
4519143850
4519123059
4519125880
4519127949
4519146097
4519104878
4519102981
4519111210
4519125880
4519101803
6131351030
5230777176
4519104878
4519149830
4519149279
4519148581
4519151085
4519149830
4519155420
4519159358
4519155420
4519149846
4519104878
4519158504
4519156608
4519158504
4519155420
4519158504
4519158504
4519148430
4519158773
4519161304
4519162213
4519148430
4519169242
4519165748
4519167878
4519169299
4519169299
4519166983
4519169299
4519155420
4519169299
5938605224
4519169054
4519170962
4519169839
4519165053
4519169839
4519171827
4519167058
4519163643
4519170962
4519173803
4519170962
4519175396
4519175396
4519172686
4519176174
4519177285
4519169054
4519171225
4519177048
4519175396
4519178245
4519170962
4519177048
4519178245
4519166686
4519177048
4519177048
4519177048
4519176229
4519171686
4519182179
4519184388
4519178275
4519186370
4519184388
4519182708
4519184135
4519188459
4519187261
4519184890
4519191673
4519191673
4519188398
4519180911
4519182215
4519187870
4519184978
4519180122
4519189884
4519192312
4519189884
4519192312
4519192363
4519192312
4519195757
4519194945
4519194292
4519194292
4519193435
4519195759
4519193435
4519193435
4519193236
4519188706
4519195759
4519188563
4519171686
4519180911
4519196779
4519193239
4519196779
4519195875
4519196779
4519196779
4519194055
4519197225
4519196779
4519199542
4519199408
4519197225
4519197225
4519197417
4519188563
4519199542
4519199542
4519199542
4519200694
4519201078
4519200860
4519202302
4519202302
4519202302
4519199482
4519197225
4519202302
4519199478
4519205185
4519199800
4519203057
4519208259
4519202302
4519208164
4519202302
4519201078
4519210705
4519211106
4519201078
4519211106
4519201078
4519206690
4519208960
4519211818
4519205569
4519212343
4519210880
4519210864
4519201408
4519203874
4519215651
4519213965
4519213059
4519212501
4519217531
4519210883
4519212401
4519218789
4519215363
4519222297
4519201078
4519221059
4519220741
4519221059
4519203365
4519199815
4519220101
4519220307
4519212301
4519220972
4519222676
4519223841
4519223841
4519223841
4519223841
4519223841
4519224695
4519221784
4519223841
4519225518
4519225440
4519219867
4519197411
4519225518
4519224150
4519224695
4519225518
4519227521
4519223031
4519219867
4519224150
4519227040
4519225518
4519225518
4519228494
4519223841
4519227672
4519224428
4519225518
4519228764
4519230397
4519225518
4519231761
4519227867
4519230396
4519229177
4519227867
4519233066
4519230396
4519227867
4519230396
4519227867
4519234600
4519225518
4519231607
4519233811
4519235390
4519233811
4519230625
4519233811
4519234600
4519237380
4519235794
4519227990
4519237380
4519234981
4519237380
4519233811
4519238090
4519233811
4519237380
4519233811
4519240638
4519239398
4519237974
4519240611
4519238021
4519240536
4519235794
4519240611
4519240336
4519242844
4519238021
4519243020
4519241625
4519243020
4519235436
4519243121
4519243121
4519243121
4519243121
4519241153
4519243540
4519243606
4519245981
4519241675
4519243121
4519245981
4519247756
4519247342
4519245981
4519245981
4519237974
4519244950
4519249855
4519244950
4519246789
4519241669
4519249855
4519251882
4519253122
4519249051
4519238325
4519255305
4519253781
4519247996
4519255305
4519252191
4519244950
4519255319
4519248344
4519256045
4519254291
4519258809
4519251882
4519250593
4519252191
4519256814
4519258809
4519255973
4519258809
4519258809
4519258809
4519239741
4519256814
4519244950
4519258809
4519259089
4519257245
4519259740
4519259740
4519258809
4519259740
4519259740
4519253481
4519259740
4519259740
4519258809
4519259999
4519259740
4519261692
4519262881
4519262881
4519261063
4519261692
4519261692
4519260735
4519261692
4519256267
4519265362
4519265362
4519261692
4519265451
4519262143
4519268803
4519268306
4519264504
4519261692
4519265451
4519260738
4519261692
4519268803
4519269920
4519272445
4519269920
4519261692
4519269920
4519268803
4519270620
4519274277
4519262066
4519264504
4519267695
4519267463
4519275974
4519275974
4519279116
4519275974
4519281294
4519279593
4519281890
4519280707
4519279266
4519275974
4519282077
4519282886
4519282077
4519282077
4519280707
4519281535
4519282886
4519282118
4519283954
4519267463
4519269997
4519286150
4519286339
4519279266
4519281535
4519277275
4519285750
4519286150
4519286150
4519280707
4519286339
4519286150
4519286359
4519286339
4519277742
4519287717
4519291001
4519287346
4519286339
4519291111
4519289874
4519277742
4519291621
4519290730
4519288221
4519291621
4519287711
4519292800
4519291621
4519287346
4519291621
4519295518
4519295518
4519294256
4519295530
4519291621
4519279266
4519296213
4519287346
4519298922
4519296486
4519293885
4519293993
4519300691
4519296486
4519293885
4519295442
4519300163
4519296938
4519295482
4519292518
4519302504
4519295482
4519302211
4519301872
4519293885
4519302658
4519297665
4519302702
4519293885
4519302702
4519301496
4519302658
4519304435
4519302712
4519303599
4519302711
4519297934
4519302702
4519305415
4519305541
4519305541
4519301496
4519305687
4519291148
4519305541
4519302712
4519305730
4519304388
4519306472
4519305541
4519305687
4519305687
4519306440
4519306440
4519306362
4519308973
4519306362
4519309789
4519309108
4519308973
4519308973
4519308973
4519306341
4519308973
4519307110
4519311694
4519308973
4519307110
4519308973
4519313716
4519312304
4519311694
4519313716
4519317870
4519314484
4519312506
4519313343
4519307260
4519308973
4519312419
4519307050
4519312419
4519312506
4519319426
4519323578
4519319426
4519319455
4519307110
4519321368
4519321797
4519319426
4519319426
4519323595
4519321131
4519312419
4519325484
4519325484
4519323538
4519316435
4519312419
4519323028
4519323538
4519326050
4519330793
4519324576
4519330853
4519325320
4519310661
4519327398
4519324576
4519324576
4519330853
4519327541
4519326011
4519334815
4519330874
4519330734
4519338318
4519338318
4519324576
4519330874
4519335633
4519327543
4519330612
4519335349
4519335611
4519330612
4519326524
4519337552
4519340327
4519349303
4519350305
4519351304
4519352302
4521005313
4521005313
4521008315
4521640303
4521640303
4521641301
4522416308
4519340327
4519330874
4519340327
4519337552
4519345469
4522527800
4519346520
4519343556
4522530975
4519347551
4519339572
4522527800
4522527578
4519331209
4519346520
4522532870
4522532870
4522536995
4522532821
4522536969
4519343556
4519346520
4522537001
4522536931
4522532870
4522532870
4522538193
4522548728
4522538193
4519339572
4519340327
4522557677
4522549807
4522538193
4522541836
4522548764
4522543225
4522548708
4522557739
4522548708
4522560980
4522538193
4522561022
4522558841
4522558841
4522557685
4522591740
4522579638
4522579701
4522579638
4522592696
4522591869
4522590710
4522539251
4522598239
4522591214
4522540174
4522597767
4522596232
4522584201
4522592047
4522560899
4522601607
4522537107
4522601607
4522601138
4522601138
4522602113
4522602113
4522601138
4522601138
4522602371
4522604650
4522602113
4522601607
4522602906
4522598246
4522602113
4522606104
4522606671
4522602906
4522605233
4522608595
4522606095
4522610365
4522609797
4522608595
4522599875
4522604650
4522610718
4522610435
4522609231
4522608125
4522605233
4522612592
4522608628
4522608628
4522612592
4522612558
4522614140
4522619197
4522612653
4522618968
4522614140
4522614542
4522620505
4522621757
4522621821
4522619872
4522613266
4522620505
4522623812
4522623175
4522612190
4522624508
4522625906
4522622588
4522624247
4522627541
4522627501
4522624508
4522607315
4522614275
4522629590
4522629600
4522630135
4522608125
4522628049
4522612138
4522631515
4522595441
4522635500
4522632205
4522637036
4522595441
4522637628
4522629525
4522637431
4522631430
4522638079
4522638538
4522636903
4522606095
4522637208
4522637036
4522639493
4522641162
4522639185
4522641464
4522642297
4522638419
4522644175
4522640714
4522643767
4522627596
4522642340
4522640311
4522640311
4522643767
4522638419
4522646101
4522646101
4522644788
4522640204
4522645008
4522647707
4522648381
4522646101
4522648347
4522647083
4522643828
4522646095
4522650908
4522645632
4522645008
4522649238
4522652503
4522653264
4522650938
4522652138
4522652513
4522655738
4522654929
4522656627
4522637350
4522650956
4522651137
4522650091
4522657047
4522656397
4522650956
4522656128
4522653264
4522656128
4522657122
4522657746
4522650956
4522630356
4522657841
4522657271
4522659820
4522657746
4522606605
4522657746
4522659820
4522661231
4522654929
4522659877
4522662039
4522657122
4522659820
4522659963
4522663303
4522660418
4522663306
4522664176
4522659820
4522663306
4522661231
4522663303
4522663303
4522664374
4522667707
4522659820
4522666116
4522659963
4522667898
4522664252
4522664176
4522661531
4522638419
4522663306
4522663306
4522666685
4522666048
4522668900
4522670305
4522661293
4522663303
4522672184
4522670821
4522672920
4522670305
4522672920
4522670427
4522673064
4522668716
4522670821
4522672184
4522674847
4522670821
4522672010
4522670427
4522670821
4522674005
4522670305
4522674902
4522672010
4522673333
4522672926
4522675028
4522674847
4522676420
4522675654
4522673333
4522670821
4522674913
4522674433
4522675643
4522677469
4522676925
4522679172
4522678845
4522678631
4522679212
4522675643
4522677472
4522679212
4522678479
4522679697
4522680369
4522680103
4522677472
4522680103
4522675643
4522681385
4522677472
4522679697
4522681350
4522681350
4522677469
4522683091
4522683127
4522684086
4522679212
4522683190
4522679697
4522675643
4522683190
4522687926
4522686807
4522677486
4522682126
4522684546
4522679212
4522681751
4522681751
4522688308
4522688227
4522688163
4522681751
4522689909
4522686807
4522689909
4522687926
4522691762
4522692061
4522692061
4522692061
4522681751
4522692148
4522692148
4522692983
4522688163
4522692983
4522693678
4522693678
4522693145
4522694938
4522678845
4522696221
4522693106
4522695487
4522696221
4522681751
4522697270
4522693563
4522692148
4522697152
4522693563
4522692606
4522695233
4522696281
4522701991
4522698541
4522700924
4522693563
4522700410
4522690159
4522703382
4522703135
4522705180
4522705180
4522702770
4522699833
4522702004
4522703124
4522705844
4522702004
4522702004
4522703343
4522706075
4522705844
4522707943
4522705844
4522708931
4522711628
4522705844
4522705844
4522711628
4522709604
4522703343
4522713218
4522707995
4522707254
4522701705
4522707254
4522707254
4522708093
4522710009
4522713218
4522714106
4522708093
4522707254
4522714205
4522710794
4522713306
4522716581
4522713107
4522715962
4522715136
4522714324
4522713107
4522713107
4522716193
4522714324
4522717008
4522717163
4522714324
4522710434
4522717937
4522717008
4522714324
4522714205
4522713218
4522718838
4522720071
4522720071
4522718261
4522713938
4522718825
4522718825
4522718039
4522721295
4522718825
4522719313
4522717008
4522718838
4522719313
4522721333
4522718261
4522718039
4522721389
4522718825
4522723313
4522721981
4522721981
4522721981
4522723277
4522725193
4522724801
4522725193
4522723020
4522724081
4522722214
4522726028
4522720299
4522724996
4522723365
4522721981
4522724801
4522724081
4522725002
4522721985
4522726759
4522727228
4522726259
4522726267
4522726759
4522726759
4522726259
4522728840
4522726267
4522726259
4522729329
4522730031
4522726759
4522726759
4522730031
4522730031
4522723020
4522729703
4522731288
4522730031
4522727158
4522731686
4522726759
4522731666
4522731686
4522731732
4522731732
4522730265
4522729859
4522731686
4522731732
4522731686
4522731851
4522731787
4522731732
4522720222
4522731851
4522732098
4522731686
4522730700
4522732095
4522731851
4522731686
4522726759
4522731861
4522733023
4522731686
4522731787
4522731851
4522732132
4522731686
4522734448
4522733358
4522734448
4522734448
4522736057
4522734715
4522736057
4522734251
4522733829
4522737715
4522733320
4522733320
4522736440
4522734251
4522732130
4522733320
4522738172
4522734000
4522733320
4522739238
4522738172
4522733320
4522733358
4522738172
4522731686
4522733358
4522740197
4522740197
4522732743
4522740197
4522739238
4522738172
4522741182
4522737846
4522739238
4522738385
4522738172
4522739880
4522741182
4522739238
4522739138
4522741279
4522741279
4522739880
4522741890
4522740987
4522742412
4522743262
4522742922
4522743287
4522742670
4522742074
4522742569
4522741890
4522740987
4522741804
4522743920
4522741804
4522744874
4522744117
4522744117
4522745809
4522742670
4522744874
4522744874
4522747246
4522745970
4522745274
4522746029
4522747026
4522747143
4522741804
4522747299
4522747299
4522742569
4522747998
4522747988
4522742569
4522748756
4522744874
4522747998
4522748944
4522748756
4522750039
4522744080
4522748820
4522744816
4522748820
4522749594
4522749604
4522751190
4522750047
4522750679
4522747842
4522752867
4522745907
4522744080
4522750959
4522751246
4522752996
4522749824
4522752858
4522754102
4522750184
4522754102
4522752996
4522754102
4522754450
4522749598
4522750155
4522748814
4522746770
4522753981
4522754113
4522755193
4522755330
4522754450
4522754450
4522751150
4522755139
4522756217
4522756217
4522755330
4522757335
4522756266
4522753981
4522755330
4522757447
4522758254
4522750155
4522756388
4522757364
4522758254
4522758798
4522759173
4522759017
4522758103
4522760065
4522756210
4522758402
4522759843
4522756210
4522758402
4522758405
4522755330
4522760122
4522759811
4522755330
4522761782
4522760870
4522760452
4522756210
4522760452
4522760870
4522760870
4522760122
4522761782
4522761782
4522760452
4522761808
4522760065
4522761942
4522762756
4522765055
4522761809
4522763215
4522758402
4522756210
4522762031
4522765677
4522762031
4522764099
4522765748
4522759160
4522765077
4522766297
4522765367
4522766947
4522766947
4522766928
4522761856
4522762715
4522766297
4522766947
4522763949
4522767776
4522767109
4522767109
4522756210
4522767776
4522767007
4522767776
4522763951
4522766947
4522760870
4522767814
4522768865
4522766928
4522766975
4522767814
4522768945
4522768133
4522768101
4522768133
4522766297
4522769157
4522768133
4522769564
4522769162
4522769656
4522769656
4522769076
4522769162
4522769444
4522769162
4522769656
4522769939
4522769302
4522769939
4522772861
4522768101
4522769076
4522771133
4522771133
4522769904
4522770549
4522771016
4522769738
4522774045
4522772748
4522773915
4522773617
4522771808
4522769823
4522774045
4522768822
4522770876
4522774182
4522774182
4522774045
4522774233
4522774964
4522774182
4522774045
4522774964
4522774182
4522773925
4522775388
4522776063
4522774761
4522775388
4522777559
4522774964
4522778019
4522774182
4522777933
4522774361
4522777933
4522780032
4522776519
4522780018
4522780790
4522774982
4522780203
4522780203
4522780927
4522780921
4522780018
4522781260
4522780990
4522780927
4522781260
4522775566
4522781506
4522778091
4522778984
4522781716
4522774982
4522781506
4522784979
4522781260
4522784083
4522781506
4522781405
4522781260
4522783935
4522786398
4522783731
4522783731
4522778091
4522786745
4522785855
4522787472
4522787417
4522786745
4522786428
4522774982
4522788964
4522786711
4522789701
4522789701
4522783935
4522786865
4522789902
4522789969
4522789701
4522788964
4522788964
4522790304
4522790096
4522788832
4522779907
4522789969
4522790310
4522785137
4522790427
4522787494
4522790310
4522790096
4522791716
4522791716
4522791941
4522792588
4522792588
4522792932
4522790040
4522792932
4522791716
4522792226
4522783935
4522776570
4522793063
4522793063
4522793063
4522792436
4522791318
4522793619
4522790096
4522792450
4522793619
4522791626
4522793727
4522793619
4522793807
4522793933
4522793933
4522793619
4522793619
4522793933
4522794634
4522794634
4522793864
4522793619
4522796473
4522794702
4522791206
4522793878
4522793807
4522797814
4522793619
4522796473
4522794702
4522798166
4522796485
4522795736
4522792226
4522798171
4522798171
4522795657
4522798056
4522795694
4522800492
4522799611
4522793619
4522800869
4522799611
4522798881
4522796484
4522795657
4522800565
4522801647
4522798056
4522798898
4522802317
4522798171
4522804061
4522802432
4522798171
4522804438
4522802432
4522805586
4522808741
4522799611
4522809378
4522808741
4522804697
4522798898
4522808870
4522808976
4522809378
4522805110
4522805110
4522811912
4522811912
4522810129
4522806613
4522810043
4522812826
4522804974
4522807075
4522809378
4522802432
4522808870
4522809082
4522812320
4522809378
4522816323
4522814675
4522814675
4522814675
4522817082
4522814567
4522817476
4522804974
4522812826
4522806613
4522818428
4522820134
4522817629
4522816818
4522816818
4522810482
4522823151
4522822322
4522821538
4522823151
4522817006
4522823307
4522821538
4522819898
4522820365
4522816387
4522823171
4522823171
4522823416
4522825011
4522825011
4522825011
4522823171
4522824524
4522816818
4522823151
4522825011
4522820765
4522820365
4522823171
4522825011
4522825822
4522819655
4522824644
4522828536
4522824524
4522828536
4522824644
4522819655
4522825314
4522831410
4522828536
4522824644
4522831558
4522827647
4522832361
4522832529
4522832361
4522832422
4522835797
4522827590
4522832438
4522832422
4522816818
4522834522
4522825869
4522827602
4522835415
4522827602
4522836084
4522832422
4522836084
4522825314
4522832422
4522837221
4522836194
4522836084
4522837065
4522837065
4522836084
4522837541
4522835885
4522832604
4522837043
4522837065
4522837065
4522836194
4522837626
4522837574
4522836084
4522837574
4522837574
4522836194
4522836643
4522841368
4522842440
4522838525
4522838611
4522841368
4522837574
4522838445
4522841368
4522838413
4522846432
4522844846
4522846571
4522837626
4522843442
4522847444
4523235315
4524064301
4524064301
4524864303
4524864303
4524864303
4524865302
4524865302
4524865302
4524865302
4524865302
4522844637
4522848516
4522837626
4522850408
4522846634
4522846526
4522844637
4524963178
4522850408
4524965007
4522851780
4522844637
4522837574
4522841368
4524972130
4522849434
4524970097
4524970196
4524970179
4524970183
4522840590
4524972212
4524972212
4524970183
4524970150
4524971895
4524970233
4524978241
4524978241
4524972212
4524972150
4524978241
4524976172
4524978241
4524978241
4524978241
4524978241
4524972212
4524976173
4524984173
4524984118
4524972150
4524985081
4524972212
4524976173
4524985081
4525000972
4524972212
4525001156
4525011127
4525004860
4524985081
4524972212
4525001156
4525011268
4524984173
4524984173
4525017005
4525017005
4524970097
4525020110
4525017005
4525017188
4525017005
4525020075
4525001156
4522846527
4525020196
4525020081
4525020197
4525020196
4525022016
4525029252
4525020075
4525047945
4525017062
4525053066
4525020226
4525048142
4525000972
4525055241
4525056634
4525057834
4525029225
4525059927
4525058101
4525020197
4525057539
4525059927
4525059927
4525060091
4525029225
4525060091
4525057698
4525029225
4525020196
4525060437
4524978242
4525062773
4525063841
4525063994
4524972212
4525057698
4525029252
4525063994
4525064374
4525057741
4525064314
4525064148
4525064314
4525064148
4525063841
4525062773
4525066867
4525057292
4525065061
4525066887
4525063255
4525077840
4525064314
4525077840
4525070777
4525070777
4525070777
4525072021
4525077879
4525078637
4525066607
4525064148
4525071613
4525080597
4525062773
4525064450
4525079878
4525079568
4525078776
4525082271
4525082133
4525057698
4525082357
4525080595
4525087098
4525075295
4525083120
4525082133
4525085674
4525087295
4525087013
4525087013
4525080597
4525078984
4525078649
4525087466
4525087466
4525087466
4525087466
4525089586
4525066607
4525093266
4525087118
4525094598
4525087118
4525082357
4525094180
4525087466
4525087466
4525094955
4525089678
4525092465
4525094598
4525094598
4525078649
4525097099
4525096600
4525085888
4525098950
4525095054
4525096600
4525098992
4525098990
4525100894
4525094598
4525098179
4525098991
4525103051
4525100973
4525100973
4525103071
4525096924
4525098226
4525103071
4525103151
4525100973
4525103151
4525103151
4525098179
4525096924
4525089586
4525103162
4525106635
4525106170
4525109108
4525107263
4525094305
4525106635
4525103162
4525106635
4525103130
4525110655
4525106756
4525104178
4525100894
4525104178
4525111860
4525111791
4525111791
4525111688
4525110612
4525111631
4525110761
4525110761
4525111688
4525110612
4525111688
4525111688
4525111688
4525109175
4525238215
4525159573
4525198578
4525237904
4525159564
4525198101
4525237804
4525159441
4525197700
4525110612
4525237804
4525159116
4525197333
4525236833
4525158651
4525197333
4525236727
4525158442
4525197333
4525236546
4525157496
4525197172
4525234700
4525157158
4525196940
4525234700
4525157000
4525196940
4525234449
4525156750
4525196940
4525234409
4525154595
4525196353
4525233106
4525153754
4525195638
4525233034
4525153754
4525194782
4525233009
4525153754
4525194727
4525233009
4525153400
4525194727
4525233009
4525152694
4525194360
4525231752
4525152505
4525194360
4525231752
4525151988
4525194278
4525231682
4525156750
4525193675
4525231604
4525151310
4525193675
4525231548
4525150361
4525193675
4525231452
4525149905
4525193675
4525230536
4525149905
4525193202
4525230536
4525149905
4525192561
4525228428
4525149905
4525192561
4525227591
4525149447
4525192561
4525225773
4525149419
4525190576
4525225359
4525147942
4525190313
4525224741
4525147659
4525190313
4525224444
4525147659
4525190313
4525223982
4525147659
4525189684
4525223982
4525146949
4525188484
4525223982
4525146625
4525188484
4525222939
4525146625
4525188484
4525221932
4525146625
4525188484
4525221721
4525146625
4525188212
4525220955
4525146358
4525186751
4525110612
4525220955
4525145626
4525184695
4525220955
4525144776
4525183985
4525219908
4525144541
4525182556
4525219825
4525143722
4525182556
4525219742
4525142269
4525182556
4525219668
4525142269
4525182556
4525219668
4525139615
4525182414
4525219668
4525139435
4525181852
4525219668
4525139325
4525181787
4525219668
4525138837
4525181095
4525218648
4525138837
4525180282
4525217618
4525137086
4525180282
4525217540
4525137086
4525180282
4525216483
4525137086
4525179651
4525215662
4525135923
4525179651
4525215639
4525135463
4525179381
4525215639
4525135463
4525179363
4525215639
4525135463
4525178920
4525215488
4525135463
4525178907
4525215488
4525135379
4525178862
4525215195
4525134661
4525177749
4525215160
4525134106
4525177749
4525112787
4525111811
4525215133
4525133774
4525177607
4525214930
4525133622
4525177445
4525213431
4525132741
4525176858
4525111811
4525213431
4525131853
4525176796
4525212683
4525176796
4525131853
4525212584
4525131628
4525176669
4525212296
4525129281
4525176589
4525212296
4525129242
4525175524
4525109175
4525212296
4525129230
4525175524
4525212296
4525128992
4525175059
4525212296
4525128566
4525175017
4525212296
4525128517
4525174852
4525211842
4525128517
4525174653
4525211807
4525128294
4525174648
4525211807
4525127709
4525174648
4525211807
4525127646
4525173985
4525211807
4525125769
4525173554
4525211807
4525125769
4525173532
4525211807
4525125744
4525173438
4525254535
4525211807
4525125415
4525172694
4525253599
4525211807
4525125415
4525172625
4525253443
4525211406
4525125415
4525171737
4525210605
4525124136
4525171715
4525209173
4525124136
4525171715
4525252755
4525208673
4525123825
4525170930
4525252437
4525208673
4525123694
4525169534
4525207631
4525123694
4525169534
4525207181
4525122825
4525169393
4525252433
4525207181
4525121142
4525169393
4525207148
4525121113
4525169188
4525251637
4525205875
4525121113
4525169053
4525251637
4525205875
4525121069
4525168568
4525251637
4525205875
4525121009
4525168481
4525251637
4525205875
4525121009
4525168372
4525251519
4525205758
4525120289
4525167964
4525205294
4525119461
4525167900
4525251519
4525204634
4525118656
4525166551
4525250684
4525204463
4525118656
4525166547
4525249433
4525204463
4525118493
4525166547
4525204463
4525118239
4525166325
4525248746
4525204463
4525117745
4525166325
4525248738
4525204210
4525114697
4525166325
4525248252
4525203775
4525113144
4525166325
4525248252
4525203398
4525119568
4525166325
4525247521
4525203330
4525113097
4525165850
4525247521
4525203198
4525114697
4525165582
4525247318
4525202849
4525112787
4525165428
4525246545
4525202849
4525165328
4525202849
4525165328
4525244572
4525202816
4525163754
4525244289
4525202783
4525163754
4525243837
4525202623
4525163754
4525243837
4525201894
4525162510
4525243652
4525201576
4525162491
4525243652
4525201576
4525162293
4525243496
4525200928
4525162207
4525242479
4525200844
4525162207
4525240709
4525200844
4525162207
4525240619
4525200844
4525162207
4525240619
4525200810
4525162103
4525239659
4525200810
4525161834
4525239659
4525200810
4525160943
4525239659
4525200355
4525160931
4525239659
4525198994
4525159671
4525238916
4525198973
4525159671
4525110612
4525238445
4525198969
4525159671
4525238433
4525111881
4525198776
4525159671
4525238215
4525198771
4525159573
4525251519
4525255800
4525255800
4525254535
4525258494
4525254535
4525255800
4525252433
4525252437
4525258306
4525258811
4525248746
4525251637
4525258067
4525258867
4525262379
4525253398
4525257313
4525253398
4525262415
4525260914
4525260008
4525263508
4525262379
4525260961
4525262914
4525260008
4525260914
4525262914
4525258603
4525262914
4525260008
4525264789
4525265014
4525266706
4525265035
4525264789
4525264789
4525262777
4525265658
4525265035
4525264838
4525265194
4525267067
4525265194
4525267827
4525265194
4525264789
4525269426
4525266851
4525270922
4525265827
4525270922
4525268213
4525270922
4525269689
4525269689
4525270922
4525270698
4525268213
4525269604
4525269689
4525260788
4525271745
4525269689
4525267067
4525244642
4525271745
4525272952
4525266979
4525275337
4525267014
4525266851
4525278206
4525276007
4525276020
4525276855
4525277587
4525277614
4525278725
4525278725
4525276020
4525279320
4525275523
4525279354
4525278696
4525278471
4525281538
4525278299
4525278299
4525281538
4525279320
4525279354
4525281538
4525278640
4525271583
4525282496
4525275752
4525281709
4525282496
4525277606
4525284409
4525282496
4525282496
4525282496
4525282496
4525280872
4525282496
4525285529
4525286194
4525286238
4525286571
4525286571
4525277606
4525286238
4525283282
4525286238
4525286708
4525286238
4525284434
4525286571
4525286927
4525285640
4525288491
4525284434
4525280872
4525288787
4525288322
4525290056
4525286628
4525291863
4525288491
4525292711
4525292561
4525294095
4525291599
4525292862
4525292862
4525288491
4525294095
4525294095
4525295770
4525297806
4525296823
4525294868
4525294868
4525287915
4525301431
4525294546
4525298187
4525302246
4525296165
4525301530
4525287596
4525299794
4525302362
4525302456
4525302367
4525301431
4525302456
4525302367
4525297308
4525299794
4525302362
4525304791
4525305540
4525305540
4525304737
4525294609
4525306772
4525302456
4525304821
4525307694
4525307694
4525307813
4525306904
4525307114
4525306772
4525308779
4525308829
4525307694
4525307694
4525307694
4525308455
4525307451
4525294868
4525307694
4525311387
4525311008
4525312588
4525314638
4525311209
4525309455
4525316448
4525312043
4525314653
4525307694
4525313449
4525318927
4525307694
4525313449
4525318917
4525310870
4525312749
4525298246
4525318533
4525317378
4525317618
4525318917
4525321184
4525320733
4525320589
4525317618
4525320523
4525314383
4525317618
4525319858
4525321430
4525319372
4525320523
4525317618
4525322383
4525319858
4525321430
4525321430
4525323539
4525322383
4525320523
4525321435
4525320303
4525326448
4525323628
4525326279
4525325496
4525327605
4525323628
4525329531
4525329765
4525331543
4525331543
4525320523
4525323426
4525331543
4525329495
4525329765
4525327884
4525333078
4525332960
4525322383
4525325496
4525333248
4525333367
4525331738
4525333367
4525335384
4525327329
4525331642
4525334919
4525330292
4525331738
4525334919
4525332960
4525333412
4525335384
4525337207
4525333180
4525329495
4525339766
4525337108
4525341290
4525332147
4525341116
4525342349
4525345340
4525344543
4525338019
4525336866
4525344543
4525345846
4525339609
4525346687
4525345340
4525345894
4525337253
4525346588
4525346687
4525345453
4525346612
4525345258
4525287596
4525346348
4525347570
4525329495
4525349341
4525350304
4525352320
4525350438
4525350304
4525346887
4525350304
4525353559
4525353408
4525350304
4525353665
4525352384
4525353539
4525353665
4525353665
4525352382
4525353665
4525353665
4525353807
4525349379
4525357541
4525355121
4525345258
4525338019
4525346887
4525360259
4525358222
4525354687
4525352830
4525357986
4525357945
4525357986
4525357547
4525363782
4525363782
4525363335
4525364317
4525364317
4525358365
4525355121
4525365513
4525365513
4525365706
4525365706
4525762303
4525762303
4525763302
4525765304
4525767304
4525767305
4525892307
4525894306
4525895308
4525895308
4525895308
4525895308
4525895308
4525896307
4525897306
4525897306
4526278302
4525365513
4525365706
4525365706
4525360259
4525365681
4525366322
4527953270
4527953270
4525370436
4525334732
4527977180
4527978566
4525366322
4525367357
4527977646
4527977688
4525367365
4525346348
4527977021
4527979065
4527979209
4527978566
4527979087
4527979423
4525365681
4527981244
4527980870
4527980529
4527981984
4527977828
4527979928
4527980878
4527979635
4527979635
4525339418
4527981984
4525357986
4527982629
4527982427
4527982201
4527982051
4527981984
4527981984
4527982950
4527983155
4527983454
4527982586
4527982618
4527983925
4527981984
4527983667
4527983717
4527983925
4527981984
4527980860
4527983667
4527983667
4527984614
4527981984
4527984781
4527984593
4527984965
4527984781
4527981984
4527983939
4527985411
4527984614
4527984593
4527987230
4527988268
4527985411
4527988268
4527986695
4527978544
4527988243
4527987565
4527988541
4527984614
4527986254
4527987586
4527984614
4527990128
4527988541
4527989510
4527984593
4527991643
4527989094
4527989799
4527988941
4527984965
4527989576
4527992861
4527992423
4527991643
4527994247
4527984593
4527993882
4527992989
4527987242
4527993557
4527994068
4527995268
4527991876
4527994139
4527994139
4527995192
4527995327
4527995871
4527993427
4527989913
4527995013
4527996265
4527997006
4527996241
4527995013
4527997006
4527999127
4527995013
4527995192
4527995728
4527990975
4527999188
4527999934
4527999789
4527990975
4527999618
4527999789
4527998591
4528003663
4527998914
4528001260
4527999188
4527996174
4527999789
4527996174
4528004149
4528001620
4528003961
4528002684
4528001140
4528001414
4528005540
4528006239
4527996174
4528005644
4528008018
4528008018
4528000629
4528009084
4528004799
4528004799
4528010441
4528008018
4528001934
4528009084
4528008667
4528001686
4528009224
4528012512
4528012011
4528011195
4528013014
4528012512
4528011395
4528008917
4528013711
4528009232
4528012512
4528016172
4528015181
4528012243
4528018431
4528014017
4528014746
4528018431
4528003953
4528019553
4528017974
4528021184
4528005671
4528019665
4528023018
4528011032
4528019589
4528014746
4528013418
4528023584
4528013418
4528023903
4528021441
4528020831
4528024264
4528015812
4528023561
4528024010
4528026026
4528025708
4528022909
4528026637
4528024996
4528026637
4528025834
4528026637
4528015930
4528024996
4528029968
4528026039
4528029290
4528030033
4528026637
4528027740
4528026637
4528028279
4528030229
4528028286
4528030189
4528024996
4528031037
4528024946
4528028286
4528031216
4528032134
4528032134
4528031216
4528031216
4528031216
4528031216
4528012243
4528025725
4528025688
4528033987
4528032408
4528031216
4528033578
4528035129
4528035212
4528031687
4528034152
4528035129
4528030189
4528035212
4528035212
4528035212
4528036257
4528036294
4528036265
4528033578
4528035355
4528036977
4528036936
4528036257
4528033578
4528025725
4528035355
4528036257
4528032744
4528037122
4528036977
4528038973
4528025725
4528037981
4528036977
4528036257
4528037988
4528037427
4528041012
4528039164
4528036977
4528041625
4528041960
4528042134
4528032408
4528041960
4528041648
4528042134
4528039164
4528041648
4528041625
4528038643
4528041895
4528042646
4528041960
4528040479
4528042877
4528042140
4528042134
4528042533
4528043071
4528043071
4528043511
4528042140
4528043511
4528043152
4528044613
4528044029
4528044613
4528043416
4528043167
4528044789
4528043511
4528043071
4528044951
4528038455
4528044951
4528041625
4528041625
4528044931
4528044931
4528044931
4528044931
4528045139
4528046515
4528045577
4528047285
4528045577
4528042720
4528045481
4528043745
4528047787
4528044931
4528045577
4528048158
4528048251
4528047448
4528048521
4528044497
4528044789
4528047485
4528047581
4528048158
4528048568
4528047450
4528048634
4528048533
4528048632
4528045807
4528048568
4528049563
4528049563
4528048632
4528048521
4528048632
4528049591
4528049564
4528048632
4528048518
4528048632
4528047849
4528050989
4528048634
4528050989
4528048881
4528050636
4528049882
4528049584
4528050989
4528051538
4528047581
4528051538
4528051212
4528049938
4528051943
4528051456
4528051957
4528051446
4528045389
4528052166
4528052214
4528051562
4528052214
4528052383
4528046201
4528053416
4528053416
4528054461
4528051957
4528053112
4528052214
4528053901
4528051957
4528054769
4528051562
4528055082
4528052498
4528055679
4528051446
4528053167
4528054871
4528054597
4528053199
4528055618
4528057586
4528055618
4528058911
4528051446
4528058821
4528059859
4528052383
4528055679
4528057186
4528055948
4528059895
4528060012
4528060012
4528060523
4528059875
4528060285
4528057746
4528051463
4528060523
4528060523
4528058821
4528060274
4528055679
4528060523
4528060523
4528060541
4528060523
4528061388
4528061388
4528060851
4528061465
4528061543
4528060523
4528060851
4528061865
4528056154
4528054597
4528061508
4528063154
4528060851
4528060149
4528063867
4528062749
4528060523
4528063128
4528062661
4528064020
4528061520
4528064220
4528060541
4528063527
4528065227
4528064638
4528062528
4528064668
4528056126
4528063589
4528065297
4528065632
4528063527
4528065900
4528064615
4528065488
4528066411
4528065604
4528063589
4528053878
4528066411
4528066411
4528066411
4528065968
4528064668
4528066411
4528064615
4528061143
4528066411
4528066411
4528066411
4528066411
4528067489
4528066501
4528066411
4528066411
4528064967
4528067534
4528068530
4528067128
4528056932
4528067217
4528067924
4528066514
4528068824
4528066834
4528068428
4528067601
4528066834
4528067601
4528070603
4528068428
4528070908
4528069609
4528067483
4528070877
4528070894
4528068965
4528073276
4528066908
4528073470
4528068788
4528073410
4528071925
4528071129
4528073465
4528073276
4528073599
4528073410
4528073611
4528074144
4528073599
4528073599
4528073599
4528073599
4528074580
4528068892
4528073410
4528073410
4528073599
4528074489
4528074489
4528074489
4528073787
4528074489
4528074921
4528074646
4528075603
4528074646
4528076025
4528070113
4528074817
4528076025
4528076025
4528075606
4528076998
4528077181
4528077762
4528078336
4528075846
4528070793
4528078561
4528078167
4528072772
4528078585
4528067547
4528078585
4528080871
4528076533
4528078585
4528077860
4528080871
4528078949
4528076533
4528080430
4528078585
4528081317
4528081182
4528076533
4528080871
4528076533
4528082564
4528082356
4528070113
4528081343
4528082564
4528081317
4528082564
4528082356
4528082739
4528080724
4528081205
4528082499
4528083441
4528082894
4528082870
4528080871
4528081205
4528084123
4528082894
4528080871
4528082870
4528084473
4528083652
4528084473
4528084123
4528084767
4528084123
4528084573
4528085242
4528084473
4528082922
4528085242
4528079478
4528085355
4528079827
4528076533
4528084586
4528084767
4528084486
4528082701
4528082873
4528085893
4528085799
4528086802
4528085920
4528085799
4528086303
4528084767
4528085893
4528085790
4528087247
4528085790
4528085893
4528086544
4528086802
4528085799
4528086646
4528087527
4528087527
4528087109
4528088215
4528087291
4528087523
4528085538
4528088212
4528086880
4528087247
4528088741
4528086402
4528088621
4528088887
4528088866
4528088833
4528088833
4528090490
4528090490
4528086906
4528090490
4528090490
4528087523
4528090490
4528091593
4528090698
4528090550
4528088506
4528083426
4528091675
4528091675
4528089080
4528086906
4528091675
4528090725
4528088499
4528093014
4528093014
4528091819
4528094325
4528092854
4528094316
4528090168
4528094885
4528094339
4528094714
4528088887
4528095587
4528095670
4528094316
4528091914
4528093535
4528094890
4528094959
4528089080
4528091245
4528094959
4528093014
4528095852
4528094632
4528096535
4528096659
4528096621
4528096621
4528097257
4528096621
4528095852
4528097526
4528095852
4528092879
4528096894
4528097257
4528097487
4528097257
4528096659
4528096621
4528094890
4528098192
4528098547
4528097972
4528098547
4528098547
4528098192
4528099195
4528098547
4528096621
4528094339
4528099468
4528098192
4528098547
4528098146
4528099599
4528098835
4528100500
4528099664
4528097968
4528100266
4528101011
4528097972
4528100030
4528100648
4528101514
4528099855
4528100700
4528100500
4528100228
4528102400
4528100156
4528102553
4528102553
4528101843
4528102553
4528100700
4528100266
4528101276
4528095811
4528102553
4528102553
4528102452
4528102798
4528102939
4528100648
4528103584
4528103664
4528103806
4528103806
4528103806
4528103226
4528103670
4528103670
4528102939
4528104096
4528103113
4528102452
4528104161
4528103848
4528101514
4528102168
4528105129
4528105129
4528105129
4528105129
4528105307
4528104096
4528103801
4528104585
4528104978
4528103801
4528102168
4528115388
4528116414
4528118450
4528106131
4528106151
4528115357
4528115388
4528105525
4528106122
4528118463
4528124321
4528124321
4528104893
4528124321
4528106122
4528104454
4528127358
4528124321
4528134408
4528104454
4528136455
4528134408
4528137419
4528141487
4528131441
4528139392
4528139392
4528139392
4528136455
4528129390
4528147485
4528148463
4528142419
4528136373
4528148465
4528141487
4528155419
4528147449
4528137419
4528163466
4528105912
4528139392
4528170335
4528171444
4528155478
4528155419
4528173253
4528180447
4528202365
4528171421
4528204535
4528216429
4528216429
4528216429
4528173253
4528173253
4528216415
4528216429
4528216428
4528160333
4528216429
4528204310
4528216429
4528191469
4528216428
4528138359
4528231972
4528231972
4528233129
4528216429
4528173253
4528233580
4528232628
4528234046
4528216429
4528234273
4528233129
4528234535
4528231325
4528235527
4528233129
4528233159
4528216432
4528235527
4528235527
4528235527
4528120444
4528235527
4528235527
4528235527
4528235527
4528234453
4528235527
4528234755
4528228294
4528235527
4528235527
4528235527
4528235527
4528234273
4528235527
4528235527
4528235527
4528233129
4528236007
4528236092
4528235995
4528236350
4528236350
4528236964
4528236361
4528236957
4528236679
4528236964
4528236844
4528236092
4528237440
4528236406
4528236361
4528236957
4528240660
4528236844
4528237440
4528238684
4528236964
4528240660
4528237518
4528242141
4528238875
4528241571
4528241967
4528241372
4528243106
4528242226
4528242706
4528241967
4528236964
4528241969
4528242141
4528242226
4528247624
4528247624
4528246984
4528247624
4528242963
4528247829
4528249913
4528250734
4528250680
4528248081
4528242963
4528251114
4528248261
4528249370
4528248081
4528250177
4528250412
4528242963
4528251913
4528251209
4528254012
4528247926
4528254012
4528254012
4528254012
4528248218
4528252029
4528254651
4528254012
4528250125
4528244673
4528254633
4528254167
4528254012
4528252733
4528254685
4528254651
4528254799
4528254651
4528256223
4528251759
4528254799
4528257974
4528254799
4528257974
4528257702
4528234273
4528257124
4528257987
4528257974
4528257425
4528258917
4528255251
4528256667
4528259534
4528257670
4528259625
4528258193
4528256667
4528259625
4528259991
4528257987
4528256667
4528258193
4528260263
4528259187
4528258917
4528260263
4528258193
4528260263
4528259991
4528260263
4528260263
4528261966
4528256724
4528263246
4528262185
4528262185
4528262885
4528263652
4528266885
4528264419
4528262647
4528262885
4528263652
4528261892
4528263664
4528264419
